pred_pdb_path,aligned_pdb_path,tm_score,rmsd,local_tm
Q54YN2/Q54YN2_0.pdb,Q54YN2/Q54YN2_0_aligned.pdb,0.12351353111952168,11.535828352289126,
Q54YN2/Q54YN2_1.pdb,Q54YN2/Q54YN2_1_aligned.pdb,0.1593111678228687,9.146965969256769,
Q54YN2/Q54YN2_2.pdb,Q54YN2/Q54YN2_2_aligned.pdb,0.2051043254957272,11.681612042960847,
Q54YN2/Q54YN2_3.pdb,Q54YN2/Q54YN2_3_aligned.pdb,0.21803658847826757,11.975981266260227,
Q54YN2/Q54YN2_4.pdb,Q54YN2/Q54YN2_4_aligned.pdb,0.2111665221406389,12.402102190032398,
Q54YN2/Q54YN2_5.pdb,Q54YN2/Q54YN2_5_aligned.pdb,0.1863683820597845,10.321037987877801,
Q54YN2/Q54YN2_6.pdb,Q54YN2/Q54YN2_6_aligned.pdb,0.1880130306794452,12.04586902426676,
Q54YN2/Q54YN2_7.pdb,Q54YN2/Q54YN2_7_aligned.pdb,0.14132162800791992,12.86260795268249,
Q54YN2/Q54YN2_8.pdb,Q54YN2/Q54YN2_8_aligned.pdb,0.16225757893456538,10.003071780477349,
Q54YN2/Q54YN2_9.pdb,Q54YN2/Q54YN2_9_aligned.pdb,0.12841952477096358,10.115317870058554,
Q54YN2/Q54YN2_10.pdb,Q54YN2/Q54YN2_10_aligned.pdb,0.21246967942384987,12.0474500026859,
Q54YN2/Q54YN2_11.pdb,Q54YN2/Q54YN2_11_aligned.pdb,0.2021434882156119,11.412400497590145,
Q54YN2/Q54YN2_12.pdb,Q54YN2/Q54YN2_12_aligned.pdb,0.2079990975848634,11.745254500820979,
Q54YN2/Q54YN2_13.pdb,Q54YN2/Q54YN2_13_aligned.pdb,0.18617257111899077,9.656316738310565,
Q54YN2/Q54YN2_14.pdb,Q54YN2/Q54YN2_14_aligned.pdb,0.13779871904500246,9.480255375031819,
Q54YN2/Q54YN2_15.pdb,Q54YN2/Q54YN2_15_aligned.pdb,0.19222526365259057,13.411280377346273,
Q54YN2/Q54YN2_16.pdb,Q54YN2/Q54YN2_16_aligned.pdb,0.12033478418720917,8.988790865249637,
Q54YN2/Q54YN2_17.pdb,Q54YN2/Q54YN2_17_aligned.pdb,0.20291730909521194,12.584431251562997,
Q54YN2/Q54YN2_18.pdb,Q54YN2/Q54YN2_18_aligned.pdb,0.12185011265747442,11.14166880526313,
Q54YN2/Q54YN2_19.pdb,Q54YN2/Q54YN2_19_aligned.pdb,0.15388735558246625,12.054129733655829,
Q54YN2/Q54YN2_20.pdb,Q54YN2/Q54YN2_20_aligned.pdb,0.1267604706151701,13.5028818876993,
Q54YN2/Q54YN2_21.pdb,Q54YN2/Q54YN2_21_aligned.pdb,0.15426573862043141,9.472520694427752,
Q54YN2/Q54YN2_22.pdb,Q54YN2/Q54YN2_22_aligned.pdb,0.18209033844070532,13.971436798257807,
Q54YN2/Q54YN2_23.pdb,Q54YN2/Q54YN2_23_aligned.pdb,0.21258355593414718,12.34118202695293,
Q54YN2/Q54YN2_24.pdb,Q54YN2/Q54YN2_24_aligned.pdb,0.1412311250743406,11.563450472737305,
Q54YN2/Q54YN2_25.pdb,Q54YN2/Q54YN2_25_aligned.pdb,0.13839718700134412,12.989525296460016,
Q54YN2/Q54YN2_26.pdb,Q54YN2/Q54YN2_26_aligned.pdb,0.20124094579615054,11.343331734638586,
Q54YN2/Q54YN2_27.pdb,Q54YN2/Q54YN2_27_aligned.pdb,0.1765453984126763,12.420489633339395,
Q54YN2/Q54YN2_28.pdb,Q54YN2/Q54YN2_28_aligned.pdb,0.14750065451830308,12.133711160383655,
Q54YN2/Q54YN2_29.pdb,Q54YN2/Q54YN2_29_aligned.pdb,0.20799135576406397,10.926113285152187,
Q54YN2/Q54YN2_30.pdb,Q54YN2/Q54YN2_30_aligned.pdb,0.18512879915241193,11.681945439324732,
Q54YN2/Q54YN2_31.pdb,Q54YN2/Q54YN2_31_aligned.pdb,0.19858541597382473,11.86684181466962,
Q54YN2/Q54YN2_32.pdb,Q54YN2/Q54YN2_32_aligned.pdb,0.15138066951092283,13.658667310123032,
Q54YN2/Q54YN2_33.pdb,Q54YN2/Q54YN2_33_aligned.pdb,0.19800568339122115,12.7375353453483,
Q54YN2/Q54YN2_34.pdb,Q54YN2/Q54YN2_34_aligned.pdb,0.19732371380205554,8.557339124803269,
Q54YN2/Q54YN2_35.pdb,Q54YN2/Q54YN2_35_aligned.pdb,0.1540244296726802,11.872893427255674,
Q54YN2/Q54YN2_36.pdb,Q54YN2/Q54YN2_36_aligned.pdb,0.1772719289765905,11.849101773517486,
Q54YN2/Q54YN2_37.pdb,Q54YN2/Q54YN2_37_aligned.pdb,0.12597924835735091,9.489440101894054,
Q54YN2/Q54YN2_38.pdb,Q54YN2/Q54YN2_38_aligned.pdb,0.19490422405799307,11.547274145132137,
Q54YN2/Q54YN2_39.pdb,Q54YN2/Q54YN2_39_aligned.pdb,0.1469572679411218,16.154801939198805,
Q54YN2/Q54YN2_40.pdb,Q54YN2/Q54YN2_40_aligned.pdb,0.1847436628955686,9.856346564843273,
Q54YN2/Q54YN2_41.pdb,Q54YN2/Q54YN2_41_aligned.pdb,0.20398836475129734,11.235960769628205,
Q54YN2/Q54YN2_42.pdb,Q54YN2/Q54YN2_42_aligned.pdb,0.12370246252395956,11.724356496960553,
Q54YN2/Q54YN2_43.pdb,Q54YN2/Q54YN2_43_aligned.pdb,0.15236638491143067,9.6534442638284,
Q54YN2/Q54YN2_44.pdb,Q54YN2/Q54YN2_44_aligned.pdb,0.1912428763202123,13.187620232758722,
Q54YN2/Q54YN2_45.pdb,Q54YN2/Q54YN2_45_aligned.pdb,0.12700202992975362,13.257964079151105,
Q54YN2/Q54YN2_46.pdb,Q54YN2/Q54YN2_46_aligned.pdb,0.19015200372217822,10.703775777839777,
Q54YN2/Q54YN2_47.pdb,Q54YN2/Q54YN2_47_aligned.pdb,0.14485790082591538,10.86454225318689,
Q54YN2/Q54YN2_48.pdb,Q54YN2/Q54YN2_48_aligned.pdb,0.1931605815994359,11.390488014539967,
Q54YN2/Q54YN2_49.pdb,Q54YN2/Q54YN2_49_aligned.pdb,0.1919384015956852,10.787711238783235,
Q54YN2/Q54YN2_50.pdb,Q54YN2/Q54YN2_50_aligned.pdb,0.17799795578456562,11.556343548848503,
Q54YN2/Q54YN2_51.pdb,Q54YN2/Q54YN2_51_aligned.pdb,0.1264879735014221,12.966625100771736,
Q54YN2/Q54YN2_52.pdb,Q54YN2/Q54YN2_52_aligned.pdb,0.18838588973897535,14.40867378910398,
Q54YN2/Q54YN2_53.pdb,Q54YN2/Q54YN2_53_aligned.pdb,0.17897904932874753,11.802933461620029,
Q54YN2/Q54YN2_54.pdb,Q54YN2/Q54YN2_54_aligned.pdb,0.1512898020594728,11.077795171484809,
Q54YN2/Q54YN2_55.pdb,Q54YN2/Q54YN2_55_aligned.pdb,0.17169240633715838,12.219517406529974,
Q54YN2/Q54YN2_56.pdb,Q54YN2/Q54YN2_56_aligned.pdb,0.19976564427227667,10.100650622991763,
Q54YN2/Q54YN2_57.pdb,Q54YN2/Q54YN2_57_aligned.pdb,0.18240292033340166,11.041505156933292,
Q54YN2/Q54YN2_58.pdb,Q54YN2/Q54YN2_58_aligned.pdb,0.16834995295760852,12.311025775768167,
Q54YN2/Q54YN2_59.pdb,Q54YN2/Q54YN2_59_aligned.pdb,0.19594741932769316,12.230521933083903,
Q54YN2/Q54YN2_60.pdb,Q54YN2/Q54YN2_60_aligned.pdb,0.17737122068112016,11.214287566204005,
Q54YN2/Q54YN2_61.pdb,Q54YN2/Q54YN2_61_aligned.pdb,0.19614423741539544,10.172822102853457,
Q54YN2/Q54YN2_62.pdb,Q54YN2/Q54YN2_62_aligned.pdb,0.1892828558066308,11.382755156676252,
Q54YN2/Q54YN2_63.pdb,Q54YN2/Q54YN2_63_aligned.pdb,0.21530885732765853,8.67956863662296,
Q54YN2/Q54YN2_64.pdb,Q54YN2/Q54YN2_64_aligned.pdb,0.21184290619097623,12.775418657743687,
Q54YN2/Q54YN2_65.pdb,Q54YN2/Q54YN2_65_aligned.pdb,0.1841045781306393,10.532582135073724,
Q54YN2/Q54YN2_66.pdb,Q54YN2/Q54YN2_66_aligned.pdb,0.20228156558826899,11.859902617384225,
Q54YN2/Q54YN2_67.pdb,Q54YN2/Q54YN2_67_aligned.pdb,0.1671963042687425,11.710997160953607,
Q54YN2/Q54YN2_68.pdb,Q54YN2/Q54YN2_68_aligned.pdb,0.16042070145030007,9.393788814588646,
Q54YN2/Q54YN2_69.pdb,Q54YN2/Q54YN2_69_aligned.pdb,0.1350903223775598,12.030692679011512,
Q54YN2/Q54YN2_70.pdb,Q54YN2/Q54YN2_70_aligned.pdb,0.1931612485601854,10.458804001141694,
Q54YN2/Q54YN2_71.pdb,Q54YN2/Q54YN2_71_aligned.pdb,0.21508258725839324,13.018594790824586,
Q54YN2/Q54YN2_72.pdb,Q54YN2/Q54YN2_72_aligned.pdb,0.13184275443317528,12.127040393939717,
Q54YN2/Q54YN2_73.pdb,Q54YN2/Q54YN2_73_aligned.pdb,0.1629191501732749,11.286354053837977,
Q54YN2/Q54YN2_74.pdb,Q54YN2/Q54YN2_74_aligned.pdb,0.12868247822223072,11.62605079973085,
Q54YN2/Q54YN2_75.pdb,Q54YN2/Q54YN2_75_aligned.pdb,0.18659651150876083,13.457599207179918,
Q54YN2/Q54YN2_76.pdb,Q54YN2/Q54YN2_76_aligned.pdb,0.16011869072437263,11.95938313999888,
Q54YN2/Q54YN2_77.pdb,Q54YN2/Q54YN2_77_aligned.pdb,0.21721140375878367,10.886880328894692,
Q54YN2/Q54YN2_78.pdb,Q54YN2/Q54YN2_78_aligned.pdb,0.13453584457369339,9.189824473782416,
Q54YN2/Q54YN2_79.pdb,Q54YN2/Q54YN2_79_aligned.pdb,0.2112184344319738,8.80566083441802,
Q54YN2/Q54YN2_80.pdb,Q54YN2/Q54YN2_80_aligned.pdb,0.14346441437410207,12.19197141661073,
Q54YN2/Q54YN2_81.pdb,Q54YN2/Q54YN2_81_aligned.pdb,0.20399731913139135,8.861243318553031,
Q54YN2/Q54YN2_82.pdb,Q54YN2/Q54YN2_82_aligned.pdb,0.1813728549256386,11.851110077003218,
Q54YN2/Q54YN2_83.pdb,Q54YN2/Q54YN2_83_aligned.pdb,0.21209275069122058,12.568222489603258,
Q54YN2/Q54YN2_84.pdb,Q54YN2/Q54YN2_84_aligned.pdb,0.17274644462831512,11.922673876427824,
Q54YN2/Q54YN2_85.pdb,Q54YN2/Q54YN2_85_aligned.pdb,0.12863973926483052,14.256751677889978,
Q54YN2/Q54YN2_86.pdb,Q54YN2/Q54YN2_86_aligned.pdb,0.16485232720254844,11.170765580618639,
Q54YN2/Q54YN2_87.pdb,Q54YN2/Q54YN2_87_aligned.pdb,0.1206068673276886,12.470851839659836,
Q54YN2/Q54YN2_88.pdb,Q54YN2/Q54YN2_88_aligned.pdb,0.21886531451388225,10.89161663816446,
Q54YN2/Q54YN2_89.pdb,Q54YN2/Q54YN2_89_aligned.pdb,0.19370321289458214,14.52807913655041,
Q54YN2/Q54YN2_90.pdb,Q54YN2/Q54YN2_90_aligned.pdb,0.147906428404032,12.078832111916196,
Q54YN2/Q54YN2_91.pdb,Q54YN2/Q54YN2_91_aligned.pdb,0.13084703969654443,10.962864379331435,
Q54YN2/Q54YN2_92.pdb,Q54YN2/Q54YN2_92_aligned.pdb,0.20419316815389932,11.09927611365146,
Q54YN2/Q54YN2_93.pdb,Q54YN2/Q54YN2_93_aligned.pdb,0.2097695749796551,13.35752724405365,
Q54YN2/Q54YN2_94.pdb,Q54YN2/Q54YN2_94_aligned.pdb,0.17520163263659738,12.224129111104753,
Q54YN2/Q54YN2_95.pdb,Q54YN2/Q54YN2_95_aligned.pdb,0.1292116006756136,12.244636863747122,
Q54YN2/Q54YN2_96.pdb,Q54YN2/Q54YN2_96_aligned.pdb,0.18552745999275155,9.27632903436692,
Q54YN2/Q54YN2_97.pdb,Q54YN2/Q54YN2_97_aligned.pdb,0.15438675048695222,8.841184140397974,
Q54YN2/Q54YN2_98.pdb,Q54YN2/Q54YN2_98_aligned.pdb,0.16205402651870704,11.371419462973048,
Q54YN2/Q54YN2_99.pdb,Q54YN2/Q54YN2_99_aligned.pdb,0.21858440613024693,13.360701263724566,
