seq_num,wtAA,predAA,pred_ddG,stable_mut_count,neutral_mut_count,destable_mut_count,prALA,prARG,prASN,prASP,prCYS,prGLN,prGLU,prGLY,prHIS,prILE,prLEU,prLYS,prMET,prPHE,prPRO,prSER,prTHR,prTRP,prTYR,prVAL,seq
1,ASN,CYS,-0.3144,0,16,4,0.2806,0.5704,0.0985,0.4616,-0.3144,0.6213,0.6397,0.1426,0.0017,0.1863,0.4509,0.3717,0.4902,0.1938,0.7647,0.3887,0.3959,0.1107,0.1180,0.2437,NICSHHVHGSMSHHSMSFQIEERNRSKPRSSKLLKGDFVVVGVSMLVLHHNHICGPSSICHKAE
2,ILE,ILE,0.0255,0,7,13,0.6838,0.8039,0.5949,0.7567,0.0634,0.9127,0.8753,1.0003,0.4954,0.0255,0.4875,0.5692,0.3946,0.5584,1.0018,0.8494,0.7279,0.2794,0.6603,0.3133,NICSHHVHGSMSHHSMSFQIEERNRSKPRSSKLLKGDFVVVGVSMLVLHHNHICGPSSICHKAE
3,CYS,CYS,-0.4215,0,17,3,0.1146,0.2513,-0.2646,0.3339,-0.4215,0.2796,0.5085,0.7677,-0.0649,-0.0162,-0.1423,0.0297,-0.0922,0.3696,1.0746,0.3994,0.4492,0.2469,0.3478,0.2352,NICSHHVHGSMSHHSMSFQIEERNRSKPRSSKLLKGDFVVVGVSMLVLHHNHICGPSSICHKAE
4,SER,CYS,-0.0539,0,16,4,0.1952,0.3090,0.0824,0.6659,-0.0539,0.4408,0.6640,0.5509,0.2280,-0.0091,0.1349,0.1595,0.1753,0.2022,1.1389,0.2729,0.3790,0.3791,0.4629,0.1770,NICSHHVHGSMSHHSMSFQIEERNRSKPRSSKLLKGDFVVVGVSMLVLHHNHICGPSSICHKAE
5,HIS,HIS,-0.0444,0,13,7,0.6043,0.4459,0.3585,0.8782,0.0138,0.6319,0.9343,0.7877,-0.0444,-0.0390,0.1370,0.2743,0.2025,0.0990,1.0515,0.4996,0.7720,0.1042,0.2291,0.2219,NICSHHVHGSMSHHSMSFQIEERNRSKPRSSKLLKGDFVVVGVSMLVLHHNHICGPSSICHKAE
6,HIS,TRP,-0.0765,0,14,6,0.4756,0.2797,0.4342,0.8586,0.0204,0.7165,0.9888,0.6603,-0.0382,0.0442,0.1399,0.1999,0.2068,0.0063,1.0120,0.3879,0.5080,-0.0765,0.2583,0.2211,NICSHHVHGSMSHHSMSFQIEERNRSKPRSSKLLKGDFVVVGVSMLVLHHNHICGPSSICHKAE
7,VAL,ILE,0.0359,0,7,13,0.5125,0.6720,0.4466,0.8700,0.2281,0.7823,0.8443,1.0112,0.5328,0.0359,0.1353,0.4697,0.3185,0.5979,1.2329,0.7067,0.5002,0.7052,0.5712,0.1718,NICSHHVHGSMSHHSMSFQIEERNRSKPRSSKLLKGDFVVVGVSMLVLHHNHICGPSSICHKAE
8,HIS,ILE,-0.0865,0,14,6,0.4588,0.3382,0.4301,0.7067,0.0279,0.7024,0.9045,0.9793,-0.0305,-0.0865,0.2897,0.0676,0.2409,0.1690,0.8722,0.3801,0.5184,-0.0238,0.2204,0.1207,NICSHHVHGSMSHHSMSFQIEERNRSKPRSSKLLKGDFVVVGVSMLVLHHNHICGPSSICHKAE
9,GLY,CYS,0.0866,0,9,11,0.4768,0.6335,0.4076,0.7442,0.0866,0.7165,0.8109,0.4821,0.4520,0.4450,0.3579,0.3003,0.2909,0.6325,1.1051,0.5188,0.6366,0.8904,0.5743,0.5351,NICSHHVHGSMSHHSMSFQIEERNRSKPRSSKLLKGDFVVVGVSMLVLHHNHICGPSSICHKAE
10,SER,LYS,-0.0136,0,16,4,0.3492,0.2111,0.2320,0.7441,-0.0085,0.4258,0.8792,0.6241,0.1551,0.1144,0.2874,-0.0136,0.1076,0.1662,0.8524,0.1251,0.3557,0.3954,0.3524,0.1942,NICSHHVHGSMSHHSMSFQIEERNRSKPRSSKLLKGDFVVVGVSMLVLHHNHICGPSSICHKAE
11,MET,CYS,0.1585,0,3,17,0.7448,0.8170,0.6593,1.0634,0.1585,0.8408,1.0964,0.9770,0.6522,0.6649,0.4746,0.6777,0.1696,0.7253,1.3470,0.9312,0.7563,1.0972,0.9353,0.7821,NICSHHVHGSMSHHSMSFQIEERNRSKPRSSKLLKGDFVVVGVSMLVLHHNHICGPSSICHKAE
12,SER,CYS,-0.0127,0,16,4,0.1649,0.4136,0.0948,0.4845,-0.0127,0.3751,0.7046,0.4461,0.3404,0.1736,0.0885,0.1926,0.1569,0.2875,0.9054,0.2096,0.3801,0.6314,0.5694,0.4677,NICSHHVHGSMSHHSMSFQIEERNRSKPRSSKLLKGDFVVVGVSMLVLHHNHICGPSSICHKAE
13,HIS,TRP,0.0059,0,11,9,0.6183,0.5806,0.4191,0.8236,0.0466,0.7209,0.9851,0.7418,0.0870,0.1046,0.1266,0.3069,0.2736,0.1603,0.9956,0.6143,0.7632,0.0059,0.1827,0.3047,NICSHHVHGSMSHHSMSFQIEERNRSKPRSSKLLKGDFVVVGVSMLVLHHNHICGPSSICHKAE
14,HIS,CYS,-0.2497,0,14,6,0.4728,0.3749,0.4707,0.7319,-0.2497,0.6436,0.8970,0.7580,0.0253,0.0216,0.1610,0.1279,0.2154,0.1007,0.9875,0.4486,0.6096,0.0084,0.2866,0.1612,NICSHHVHGSMSHHSMSFQIEERNRSKPRSSKLLKGDFVVVGVSMLVLHHNHICGPSSICHKAE
15,SER,CYS,-0.1512,0,13,7,0.1268,0.3032,0.3681,0.7850,-0.1512,0.5534,0.9137,0.7142,0.1277,0.1128,0.1021,0.2202,0.1798,0.3429,0.8083,0.2389,0.3078,0.5789,0.5203,0.1651,NICSHHVHGSMSHHSMSFQIEERNRSKPRSSKLLKGDFVVVGVSMLVLHHNHICGPSSICHKAE
16,MET,CYS,0.0410,0,4,16,0.6144,0.6119,0.6776,0.9740,0.0410,0.7641,1.0528,1.0901,0.5048,0.5068,0.4612,0.4519,0.2803,0.7364,1.3401,0.9574,0.8539,0.9421,0.7083,0.5757,NICSHHVHGSMSHHSMSFQIEERNRSKPRSSKLLKGDFVVVGVSMLVLHHNHICGPSSICHKAE
17,SER,CYS,-0.0439,0,12,8,0.0631,0.3315,0.2397,0.5503,-0.0439,0.5592,0.7812,0.6617,0.4389,0.3063,0.3669,0.1495,0.3294,0.4532,0.7802,0.1923,0.5234,0.5224,0.6460,0.4195,NICSHHVHGSMSHHSMSFQIEERNRSKPRSSKLLKGDFVVVGVSMLVLHHNHICGPSSICHKAE
18,PHE,PHE,0.1053,0,2,18,1.0155,1.0654,0.8859,1.0522,0.4722,1.2192,1.1534,1.4540,0.7066,0.8031,0.6852,0.9725,0.7777,0.1053,1.8975,1.1831,1.3039,0.7439,0.7321,0.9880,NICSHHVHGSMSHHSMSFQIEERNRSKPRSSKLLKGDFVVVGVSMLVLHHNHICGPSSICHKAE
19,GLN,VAL,-0.0044,0,11,9,0.4033,0.3897,0.7273,0.9611,0.0680,0.4136,0.5200,0.9325,0.3145,0.1981,0.3355,0.1997,0.3616,0.4438,1.0897,0.5269,0.5549,0.5554,0.5382,-0.0044,NICSHHVHGSMSHHSMSFQIEERNRSKPRSSKLLKGDFVVVGVSMLVLHHNHICGPSSICHKAE
20,ILE,ILE,0.1243,0,7,13,0.8340,0.4515,0.7656,0.8627,0.3833,0.8821,1.1767,1.2524,0.7516,0.1243,0.3489,0.3670,0.6042,0.3780,1.4943,0.9372,0.7637,0.8920,0.9063,0.3993,NICSHHVHGSMSHHSMSFQIEERNRSKPRSSKLLKGDFVVVGVSMLVLHHNHICGPSSICHKAE
21,GLU,CYS,-0.1674,0,16,4,0.4585,0.3532,0.2182,0.8403,-0.1674,0.5691,0.4434,0.8477,0.1939,0.0575,0.0260,0.2217,0.2165,0.2997,1.1834,0.4858,0.2780,0.4375,0.3278,0.1476,NICSHHVHGSMSHHSMSFQIEERNRSKPRSSKLLKGDFVVVGVSMLVLHHNHICGPSSICHKAE
22,GLU,CYS,-0.1502,0,17,3,0.3599,0.3106,0.2155,0.5314,-0.1502,0.4055,0.4852,0.5991,0.1880,0.0982,0.0711,0.2193,0.0452,0.3117,1.0001,0.3826,0.2026,0.4822,0.3103,0.1549,NICSHHVHGSMSHHSMSFQIEERNRSKPRSSKLLKGDFVVVGVSMLVLHHNHICGPSSICHKAE
23,ARG,CYS,0.1316,0,15,5,0.2420,0.2843,0.2725,0.6102,0.1316,0.4642,0.8370,0.6481,0.2052,0.4033,0.1949,0.1751,0.3096,0.3658,0.8183,0.4935,0.3748,0.5631,0.3470,0.3569,NICSHHVHGSMSHHSMSFQIEERNRSKPRSSKLLKGDFVVVGVSMLVLHHNHICGPSSICHKAE
24,ASN,CYS,-0.1307,0,16,4,0.3546,0.2875,-0.0519,0.4466,-0.1307,0.5936,0.7436,0.6611,0.1281,0.3194,0.2964,0.0212,0.2003,0.2085,1.0065,0.2389,0.3718,0.0736,0.1635,0.4275,NICSHHVHGSMSHHSMSFQIEERNRSKPRSSKLLKGDFVVVGVSMLVLHHNHICGPSSICHKAE
25,ARG,CYS,-0.1305,0,11,9,0.3482,0.1129,0.3588,0.9223,-0.1305,0.6526,0.8317,0.7453,0.3091,0.4326,0.3311,0.1034,0.2338,0.4491,0.8845,0.5650,0.5789,0.6089,0.5973,0.3145,NICSHHVHGSMSHHSMSFQIEERNRSKPRSSKLLKGDFVVVGVSMLVLHHNHICGPSSICHKAE
26,SER,CYS,-0.0880,0,14,6,0.1054,0.2896,0.2090,0.5076,-0.0880,0.5888,0.8784,0.5879,0.4359,0.2616,0.3161,0.1554,0.2338,0.4134,0.8780,0.1762,0.2213,0.4986,0.5101,0.1029,NICSHHVHGSMSHHSMSFQIEERNRSKPRSSKLLKGDFVVVGVSMLVLHHNHICGPSSICHKAE
27,LYS,CYS,-0.1412,0,11,9,0.3382,0.3710,0.6006,0.8842,-0.1412,0.6728,0.8121,0.8777,0.2491,0.3262,0.4517,0.1390,0.3971,0.3897,0.8296,0.5317,0.5856,0.5441,0.3519,0.4021,NICSHHVHGSMSHHSMSFQIEERNRSKPRSSKLLKGDFVVVGVSMLVLHHNHICGPSSICHKAE
28,PRO,CYS,0.0263,0,9,11,0.5159,0.4854,0.3006,0.5770,0.0263,0.6540,0.7819,0.7687,0.5001,0.2680,0.2149,0.2451,0.4594,0.5681,0.4203,0.6789,0.5695,0.6864,0.5696,0.3008,NICSHHVHGSMSHHSMSFQIEERNRSKPRSSKLLKGDFVVVGVSMLVLHHNHICGPSSICHKAE
29,ARG,CYS,-0.1621,0,12,8,0.3276,0.3188,0.3043,0.7143,-0.1621,0.5095,0.8717,0.9734,0.1780,0.3538,0.1802,0.0745,0.1745,0.3841,0.7348,0.5458,0.6494,0.4737,0.4562,0.5439,NICSHHVHGSMSHHSMSFQIEERNRSKPRSSKLLKGDFVVVGVSMLVLHHNHICGPSSICHKAE
30,SER,CYS,-0.3031,0,15,5,-0.0350,0.2052,0.2982,0.7886,-0.3031,0.5523,0.9161,0.6087,0.1909,0.1538,0.3474,0.1538,0.1416,0.1489,0.8501,0.1700,0.4168,0.3130,0.3763,0.1386,NICSHHVHGSMSHHSMSFQIEERNRSKPRSSKLLKGDFVVVGVSMLVLHHNHICGPSSICHKAE
31,SER,CYS,-0.2444,0,16,4,0.0058,0.1112,0.1112,0.5130,-0.2444,0.5876,0.9074,0.4478,0.1217,0.1304,0.2973,0.0822,0.0852,0.2402,0.8185,0.0917,0.2738,0.3368,0.2905,0.0530,NICSHHVHGSMSHHSMSFQIEERNRSKPRSSKLLKGDFVVVGVSMLVLHHNHICGPSSICHKAE
32,LYS,CYS,-0.1145,0,13,7,0.4200,0.3421,0.4832,0.7372,-0.1145,0.5294,0.7220,0.7070,0.1202,0.3514,0.2424,0.0415,0.1467,0.2890,0.9418,0.3953,0.6937,0.5336,0.4081,0.4944,NICSHHVHGSMSHHSMSFQIEERNRSKPRSSKLLKGDFVVVGVSMLVLHHNHICGPSSICHKAE
33,LEU,CYS,0.2934,0,4,16,0.8030,0.9328,0.5468,1.0413,0.2934,1.0905,1.3469,0.9933,0.8007,0.5425,0.4255,0.9180,0.4556,0.4863,1.3841,1.0608,0.8864,0.8884,0.8123,0.6214,NICSHHVHGSMSHHSMSFQIEERNRSKPRSSKLLKGDFVVVGVSMLVLHHNHICGPSSICHKAE
34,LEU,MET,0.3513,0,5,15,0.7317,0.6982,0.6871,0.9524,0.4415,0.8401,1.0191,1.1988,0.8301,0.4515,0.3614,0.8161,0.3513,0.9088,1.2705,1.0906,0.8838,1.0903,1.0285,0.4407,NICSHHVHGSMSHHSMSFQIEERNRSKPRSSKLLKGDFVVVGVSMLVLHHNHICGPSSICHKAE
35,LYS,LYS,-0.0998,0,12,8,0.2425,0.0939,0.4329,0.6498,-0.0557,0.3883,0.6174,0.7172,0.2745,0.3211,0.4823,-0.0998,0.2670,0.5483,0.6249,0.3565,0.5374,0.6428,0.5577,0.2289,NICSHHVHGSMSHHSMSFQIEERNRSKPRSSKLLKGDFVVVGVSMLVLHHNHICGPSSICHKAE
36,GLY,CYS,0.3597,0,5,15,0.4009,0.8474,0.6312,1.1521,0.3597,0.6739,1.1403,0.4624,0.6344,0.7010,0.6346,0.6242,0.4809,0.5699,1.5145,0.8369,0.9664,0.3946,0.5056,0.6173,NICSHHVHGSMSHHSMSFQIEERNRSKPRSSKLLKGDFVVVGVSMLVLHHNHICGPSSICHKAE
37,ASP,CYS,0.1130,0,15,5,0.4545,0.6958,0.2013,0.3063,0.1130,0.3869,0.6624,0.7251,0.4837,0.4651,0.3696,0.3149,0.2689,0.3261,1.2588,0.4964,0.8075,0.3660,0.4541,0.4441,NICSHHVHGSMSHHSMSFQIEERNRSKPRSSKLLKGDFVVVGVSMLVLHHNHICGPSSICHKAE
38,PHE,PHE,0.0886,0,1,19,1.3331,1.2024,1.1950,1.3837,0.6096,1.4575,1.3680,1.4269,1.0631,1.1311,0.9393,1.2102,0.8056,0.0886,1.8672,1.2776,1.4191,0.5584,0.7221,1.2923,NICSHHVHGSMSHHSMSFQIEERNRSKPRSSKLLKGDFVVVGVSMLVLHHNHICGPSSICHKAE
39,VAL,CYS,0.3221,0,4,16,1.1041,0.9032,0.7222,1.4128,0.3221,1.0641,1.2306,1.2668,0.9099,0.3543,0.4863,0.7251,0.8484,0.5650,1.7270,1.1797,0.8255,0.9921,0.9021,0.3919,NICSHHVHGSMSHHSMSFQIEERNRSKPRSSKLLKGDFVVVGVSMLVLHHNHICGPSSICHKAE
40,VAL,CYS,0.2101,0,3,17,0.9982,0.7659,0.6425,1.0768,0.2101,0.9811,1.1950,1.1362,1.0480,0.3294,0.5872,0.6945,0.6297,0.8296,1.4342,0.9480,0.7220,1.0059,1.0837,0.3863,NICSHHVHGSMSHHSMSFQIEERNRSKPRSSKLLKGDFVVVGVSMLVLHHNHICGPSSICHKAE
41,VAL,VAL,0.2177,0,3,17,0.7495,0.7801,0.7666,1.2515,0.3071,1.0026,1.2644,1.3711,1.0158,0.3332,0.6499,0.6020,0.6854,0.8592,1.3351,1.0646,0.6889,1.1700,1.0167,0.2177,NICSHHVHGSMSHHSMSFQIEERNRSKPRSSKLLKGDFVVVGVSMLVLHHNHICGPSSICHKAE
42,GLY,GLY,0.4180,0,2,18,0.7663,0.7228,0.7822,0.9255,0.4320,0.8697,1.3155,0.4180,0.8358,0.7017,0.7219,0.7528,0.6651,0.7328,1.3853,0.8079,0.7385,0.7456,0.8845,0.8988,NICSHHVHGSMSHHSMSFQIEERNRSKPRSSKLLKGDFVVVGVSMLVLHHNHICGPSSICHKAE
43,VAL,CYS,0.2029,0,5,15,0.8219,0.8404,0.5627,1.2079,0.2029,0.8333,1.2305,1.2221,0.8400,0.2441,0.3576,0.6114,0.3637,0.5793,1.2876,0.8722,0.6372,0.7059,0.7448,0.2487,NICSHHVHGSMSHHSMSFQIEERNRSKPRSSKLLKGDFVVVGVSMLVLHHNHICGPSSICHKAE
44,SER,MET,0.0156,0,15,5,0.0688,0.2259,0.2009,0.4820,0.0253,0.3775,0.8460,0.5136,0.4544,0.1323,0.2545,0.0465,0.0156,0.2232,0.6835,0.1024,0.2097,0.5123,0.5869,0.0995,NICSHHVHGSMSHHSMSFQIEERNRSKPRSSKLLKGDFVVVGVSMLVLHHNHICGPSSICHKAE
45,MET,MET,0.0159,0,6,14,0.7139,0.7579,0.6265,1.0404,0.3254,0.6797,1.2839,1.0189,0.7195,0.4672,0.3512,0.4335,0.0159,0.3303,1.2724,1.0084,0.9773,0.9360,0.7186,0.5795,NICSHHVHGSMSHHSMSFQIEERNRSKPRSSKLLKGDFVVVGVSMLVLHHNHICGPSSICHKAE
46,LEU,LEU,-0.2329,0,7,13,0.7026,0.6893,0.4642,0.7825,0.0592,0.9053,0.9804,0.9794,0.8053,0.2575,-0.2329,0.5620,0.2060,0.3788,1.0678,0.8955,0.6238,0.7750,0.8449,0.4591,NICSHHVHGSMSHHSMSFQIEERNRSKPRSSKLLKGDFVVVGVSMLVLHHNHICGPSSICHKAE
47,VAL,LEU,0.3172,0,3,17,0.8522,0.8875,0.5629,1.1603,0.3340,0.8722,1.1244,1.1878,0.9188,0.3918,0.3172,0.6359,0.5743,0.6398,1.3565,0.8181,0.6076,0.8586,0.8773,0.5192,NICSHHVHGSMSHHSMSFQIEERNRSKPRSSKLLKGDFVVVGVSMLVLHHNHICGPSSICHKAE
48,LEU,LEU,0.0798,0,5,15,0.6365,0.6400,0.4919,0.8100,0.3273,0.7561,1.0115,1.1187,0.7244,0.3699,0.0798,0.6983,0.3636,0.5969,1.0779,0.9679,0.7848,0.6808,0.7745,0.6209,NICSHHVHGSMSHHSMSFQIEERNRSKPRSSKLLKGDFVVVGVSMLVLHHNHICGPSSICHKAE
49,HIS,HIS,0.0183,0,10,10,0.6052,0.6383,0.4539,0.9101,0.2707,0.6852,1.0707,1.0066,0.0183,0.2720,0.3141,0.3978,0.3059,0.2328,1.0635,0.6877,0.8236,0.1030,0.4010,0.5419,NICSHHVHGSMSHHSMSFQIEERNRSKPRSSKLLKGDFVVVGVSMLVLHHNHICGPSSICHKAE
50,HIS,HIS,-0.0376,0,12,8,0.4039,0.5514,0.6180,1.1154,0.1676,0.7662,1.3028,0.8213,-0.0376,0.1512,0.3433,0.3229,0.1787,0.0783,1.0088,0.4218,0.5585,0.0195,0.3043,0.2355,NICSHHVHGSMSHHSMSFQIEERNRSKPRSSKLLKGDFVVVGVSMLVLHHNHICGPSSICHKAE
51,ASN,HIS,-0.0966,0,17,3,0.2011,0.3035,0.0481,0.5009,-0.0376,0.4194,0.7330,0.4795,-0.0966,0.2747,0.2988,0.0016,0.1362,0.1837,1.0213,0.1401,0.3728,0.3171,0.2654,0.2239,NICSHHVHGSMSHHSMSFQIEERNRSKPRSSKLLKGDFVVVGVSMLVLHHNHICGPSSICHKAE
52,HIS,HIS,-0.1362,0,14,6,0.3770,0.3906,0.4413,1.0903,0.1380,0.8038,1.0060,0.6678,-0.1362,-0.0608,0.2997,0.2995,0.1825,-0.0088,1.2050,0.3713,0.5257,-0.0184,0.2388,0.1482,NICSHHVHGSMSHHSMSFQIEERNRSKPRSSKLLKGDFVVVGVSMLVLHHNHICGPSSICHKAE
53,ILE,ILE,0.2563,0,5,15,0.9621,0.6612,0.9294,1.1036,0.4552,1.1449,1.1791,1.3514,0.7657,0.2563,0.4587,0.5399,0.4277,0.8358,1.3176,1.0524,0.8856,0.8951,0.9898,0.4268,NICSHHVHGSMSHHSMSFQIEERNRSKPRSSKLLKGDFVVVGVSMLVLHHNHICGPSSICHKAE
54,CYS,CYS,-0.2267,0,17,3,0.1455,0.0826,-0.1153,0.4887,-0.2267,0.2074,0.6640,1.0282,0.1302,0.1270,0.0574,-0.1176,-0.0390,0.3768,1.2486,0.2188,0.3168,-0.0141,0.2111,0.2293,NICSHHVHGSMSHHSMSFQIEERNRSKPRSSKLLKGDFVVVGVSMLVLHHNHICGPSSICHKAE
55,GLY,TYR,0.4225,0,2,18,0.6422,1.0100,0.5388,1.2072,0.5019,0.9017,1.1187,0.6063,0.5768,0.7545,0.5535,0.5492,0.6793,0.6005,1.1879,0.6271,0.6593,0.4264,0.4225,0.8872,NICSHHVHGSMSHHSMSFQIEERNRSKPRSSKLLKGDFVVVGVSMLVLHHNHICGPSSICHKAE
56,PRO,LYS,0.4497,0,4,16,0.9120,0.6860,0.5774,0.9807,0.4903,0.8696,1.1205,1.0744,0.6888,0.4952,0.5892,0.4497,0.6739,0.7275,0.5754,0.7901,0.8132,0.6568,0.7231,0.4986,NICSHHVHGSMSHHSMSFQIEERNRSKPRSSKLLKGDFVVVGVSMLVLHHNHICGPSSICHKAE
57,SER,CYS,-0.0293,0,17,3,0.1373,0.4150,0.2271,0.6118,-0.0293,0.4347,0.8957,0.5807,0.1835,0.1856,0.2247,0.0082,0.0928,0.0745,0.4868,0.0738,0.3738,0.4775,0.2765,0.1730,NICSHHVHGSMSHHSMSFQIEERNRSKPRSSKLLKGDFVVVGVSMLVLHHNHICGPSSICHKAE
58,SER,CYS,0.0724,0,17,3,0.1786,0.2130,0.2532,0.6959,0.0724,0.4876,0.8081,0.4620,0.0789,0.2477,0.1685,0.0869,0.1988,0.0934,0.9308,0.1523,0.2821,0.2882,0.1993,0.2204,NICSHHVHGSMSHHSMSFQIEERNRSKPRSSKLLKGDFVVVGVSMLVLHHNHICGPSSICHKAE
59,ILE,ILE,0.1767,0,5,15,0.8214,0.7361,0.8539,1.1662,0.3442,1.0976,1.2153,1.0860,0.8352,0.1767,0.3468,0.5801,0.4293,0.5969,1.3982,0.8721,0.8186,0.8308,0.9426,0.3384,NICSHHVHGSMSHHSMSFQIEERNRSKPRSSKLLKGDFVVVGVSMLVLHHNHICGPSSICHKAE
60,CYS,CYS,-0.2878,0,17,3,0.0653,0.2606,-0.2455,0.2815,-0.2878,0.1934,0.5354,0.7721,0.0626,0.0046,-0.0498,0.1122,0.0140,0.4589,1.2293,0.3263,0.4097,0.2826,0.4897,0.2921,NICSHHVHGSMSHHSMSFQIEERNRSKPRSSKLLKGDFVVVGVSMLVLHHNHICGPSSICHKAE
61,HIS,HIS,-0.0019,0,11,9,0.5047,0.5314,0.4156,0.8515,0.0733,0.7896,1.0681,0.8491,-0.0019,0.1450,0.2837,0.3223,0.2756,0.2841,1.3674,0.5066,0.5274,0.1530,0.3158,0.1776,NICSHHVHGSMSHHSMSFQIEERNRSKPRSSKLLKGDFVVVGVSMLVLHHNHICGPSSICHKAE
62,LYS,LYS,-0.1139,0,15,5,0.3150,0.2242,0.5911,0.7344,-0.0816,0.4645,0.8090,0.7021,0.2191,0.1474,0.2765,-0.1139,0.2590,0.3784,0.8672,0.4815,0.4772,0.3153,0.4456,-0.0346,NICSHHVHGSMSHHSMSFQIEERNRSKPRSSKLLKGDFVVVGVSMLVLHHNHICGPSSICHKAE
63,ALA,VAL,0.0219,0,15,5,0.1288,0.6407,0.1469,0.6158,0.1787,0.3555,0.8177,0.6279,0.3175,0.0975,0.2635,0.1655,0.2418,0.2425,0.7732,0.3565,0.4290,0.4692,0.3039,0.0219,NICSHHVHGSMSHHSMSFQIEERNRSKPRSSKLLKGDFVVVGVSMLVLHHNHICGPSSICHKAE
64,GLU,CYS,-0.1267,0,19,1,0.1652,0.4098,0.0635,0.3769,-0.1267,0.2422,0.4435,0.2954,0.1894,-0.0682,-0.1110,0.0539,-0.0958,0.1880,0.7811,0.1165,0.0900,0.3877,0.1394,-0.0421,NICSHHVHGSMSHHSMSFQIEERNRSKPRSSKLLKGDFVVVGVSMLVLHHNHICGPSSICHKAE
